 cos_alpha =  0.26726124191242440     
 cos_beta =  0.53452248382484879     
 cos_gamma =  0.80178372573727319     
 sq_sum =   1.0000000000000000     
