 a_n =   10.000000000000000     
 b_n =   10.000000000000000     
 c_n =   14.142135623730951     
 s =   17.071067811865476     
 area1(cross_product) =   50.000000000000000     
 area2(heron) =   50.000000000000000     
