 k =  0.64000000000000001     
 n =          40
 K_n =   1.7842363259467375     
