 outer :  -3.0000000000000000        6.0000000000000000       -3.0000000000000000     
 cross :  -3.0000000000000000        6.0000000000000000       -3.0000000000000000     
