 input n:
 n :           5
 a :  0.42801236729610659       0.92602121326900111       0.45044309605588972       0.20847087483705573       0.78023194387870032     
 b :  0.44008675855886037       0.58346538356571287       0.10612203523915942       0.21536502603491237       0.56252028458707493     
 vec_cos :  0.96044811225347682     
