 c1(i):   9.0000000000000000        9.0000000000000000        9.0000000000000000     
 c2(i):   9.0000000000000000        9.0000000000000000        9.0000000000000000     
