 det(a) :  -2.3144845977397452E-003
 det(a_col_k) :  -4.6289691954794904E-003
 det(a_row_k) :  -4.6289691954794904E-003
 det(a_swap_2row) :   2.3144845977397452E-003
 det(a_k_sum) :  -2.3144845977397382E-003
