 input n :
 n =           3
 A :
  0.7601E+00  0.4005E-01  0.4315E+00
  0.8798E+00  0.6846E+00  0.3677E-01
  0.5708E+00  0.7127E+00  0.2392E+00
 t(A) :
  0.7601E+00  0.8798E+00  0.5708E+00
  0.4005E-01  0.6846E+00  0.7127E+00
  0.4315E+00  0.3677E-01  0.2392E+00
 transpose(A) :
  0.7601E+00  0.8798E+00  0.5708E+00
  0.4005E-01  0.6846E+00  0.7127E+00
  0.4315E+00  0.3677E-01  0.2392E+00
