 l =   3.7416573867739413     
 u(1:3) =   1.0000000000000000        2.0000000000000000        3.0000000000000000     
 u_norm(1:3) =  0.26726124191242440       0.53452248382484879       0.80178372573727319     
