 l1 =   3.7416573867739413     
 l2 =   3.7416573867739413     
