 input n:
 n =           5
 a :
  0.94745494470397040       0.59746971309555597       0.49665915444199282        2.1853446057738313E-002  0.91484495387869547     
  0.80605042450116771       0.90925494504749227       0.97514106451341165       0.96342972451013587       0.63973167860314450     
  0.67483169585296743       0.74590075530048972       0.90691614363947670       0.51917169654049578       0.18224860990784864     
   7.8885760207062172E-002  0.23689275291960310       0.47449706369879685       0.52297122026040477       0.24665221026376405     
  0.82187072233350866       0.66457306543901051       0.51113165528038085        5.0289590418523433E-002  0.82547113595918942     
 a_t :
  0.94745494470397040       0.80605042450116771       0.67483169585296743        7.8885760207062172E-002  0.82187072233350866     
  0.59746971309555597       0.90925494504749227       0.74590075530048972       0.23689275291960310       0.66457306543901051     
  0.49665915444199282       0.97514106451341165       0.90691614363947670       0.47449706369879685       0.51113165528038085     
   2.1853446057738313E-002  0.96342972451013587       0.51917169654049578       0.52297122026040477        5.0289590418523433E-002
  0.91484495387869547       0.63973167860314450       0.18224860990784864       0.24665221026376405       0.82547113595918942     
 a_sym :
  0.94745494470397040       0.70176006879836184       0.58574542514748007        5.0369603132400242E-002  0.86835783810610212     
  0.70176006879836184       0.90925494504749227       0.86052090990695063       0.60016123871486948       0.65215237202107756     
  0.58574542514748007       0.86052090990695063       0.90691614363947670       0.49683438011964631       0.34669013259411474     
   5.0369603132400242E-002  0.60016123871486948       0.49683438011964631       0.52297122026040477       0.14847090034114374     
  0.86835783810610212       0.65215237202107756       0.34669013259411474       0.14847090034114374       0.82547113595918942     
 a_alt :
   0.0000000000000000      -0.10429035570280587       -8.9086270705487303E-002  -2.8516157074661930E-002   4.6487115772593401E-002
  0.10429035570280587        0.0000000000000000       0.11462015460646097       0.36326848579526638       -1.2420693417933004E-002
   8.9086270705487303E-002 -0.11462015460646097        0.0000000000000000        2.2337316420849462E-002 -0.16444152268626611     
   2.8516157074661930E-002 -0.36326848579526638       -2.2337316420849462E-002   0.0000000000000000        9.8181309922620308E-002
  -4.6487115772593401E-002   1.2420693417933004E-002  0.16444152268626611       -9.8181309922620308E-002   0.0000000000000000     
