 a_n =   3.1622776601683795     
 b_n =   3.1622776601683795     
 c_n =   3.7606030930863938     
 s =   5.0425792067115767     
 area1(cross_product) =   5.0000000000000000     
  area2(heron) =   4.7807257879246112     
