 input n:
 n =           5
 u :  0.47474544231226679       0.86417900767503653       0.77937490005938093       0.10386859382996383       0.17769599708321537     
 norm(u) =   1.2735691497946482     
