 x :   1.0000000000000000        2.0000000000000000        3.0000000000000000     
 norm_x :  0.26726124191242440       0.53452248382484879       0.80178372573727319     
